DATASET_MULTIBAR
SEPARATOR TAB
DATASET_LABEL	Habitat composition
COLOR	#00aa00

FIELD_LABELS	animal	aquatic	soil	unknown
FIELD_COLORS	#d73027	#1b9e77	#8c510a	#969696

WIDTH	50
HEIGHT	10
MARGIN	5

DATA
Abditibacteriaceae	0.0	0.0	0.0	1.0
Abyssicoccaceae	1.0	0.0	0.0	0.0
Acanthopleuribacteraceae	0.0	0.5	0.0	0.5
Acaryochloridaceae	0.0	0.0	0.0	1.0
Acetivibrionaceae	0.0	0.16666666666666666	0.4444444444444444	0.3888888888888889
Acetobacteraceae	0.43847874720357943	0.058165548098434	0.11409395973154363	0.38926174496644295
Acetomicrobiaceae	0.0	1.0	0.0	0.0
Acetonemataceae	0.5	0.0	0.0	0.5
Acidaminobacteraceae	0.0	1.0	0.0	0.0
Acidaminococcaceae	0.19047619047619047	0.047619047619047616	0.0	0.7619047619047619
Acidiferrobacteraceae	0.0	0.2222222222222222	0.3333333333333333	0.4444444444444444
Acidilobaceae	0.0	0.0	0.0	1.0
Acidimicrobiaceae	0.21052631578947367	0.3157894736842105	0.15789473684210525	0.3157894736842105
Acidithiobacillaceae	0.0	0.35714285714285715	0.0	0.6428571428571429
Acidobacteriaceae	0.023121387283236993	0.0	0.21965317919075145	0.7572254335260116
Acidocellaceae	0.0	0.19148936170212766	0.2127659574468085	0.5957446808510638
Acidothermaceae	0.0	0.0	0.5	0.5
Actinomycetaceae	0.33653846153846156	0.0	0.0	0.6634615384615384
Actinopolymorphaceae	0.0	0.0	0.45454545454545453	0.5454545454545454
Actinopolysporaceae	0.5294117647058824	0.11764705882352941	0.0	0.35294117647058826
Actinospicaceae	0.0	0.0	0.75	0.25
Acutalibacteraceae	0.23333333333333334	0.13333333333333333	0.0	0.6333333333333333
Aegicerorhabdaceae	0.0	0.0	0.0	1.0
Aerococcaceae	0.4782608695652174	0.0	0.0	0.5217391304347826
Aeromonadaceae	0.13978494623655913	0.45161290322580644	0.0	0.40860215053763443
Aerosakkonemataceae	0.0	0.0	0.0	1.0
Aestuariirhabdaceae	0.0	0.5	0.0	0.5
Aestuariispiraceae	0.0	0.11764705882352941	0.0	0.8823529411764706
Aestuariivirgaceae	0.0	0.0	0.0	1.0
Afifellaceae	0.0	0.0	0.6666666666666666	0.3333333333333333
Aggregatilineaceae	0.0	0.0	0.0	1.0
Ahrensiaceae	0.0	0.8461538461538461	0.0	0.15384615384615385
Akkermansiaceae	0.6	0.0	0.0	0.4
Alcaligenaceae	0.17111650485436894	0.04854368932038835	0.05339805825242718	0.7269417475728155
Alcanivoracaceae	0.0	0.27631578947368424	0.0	0.7236842105263158
Algiphilaceae	0.0	0.5	0.0	0.5
Alicyclobacillaceae	0.09722222222222222	0.034722222222222224	0.2777777777777778	0.5902777777777778
Aliterellaceae	0.0	0.0	0.0	1.0
Allobogoriellaceae	0.12	0.0	0.34	0.54
Alloboseaceae	0.0	0.0	0.0	1.0
Allomicrovenatoraceae	0.0	0.0	0.0	1.0
Allostellaceae	0.0	0.5454545454545454	0.0	0.45454545454545453
Alsobacteraceae	0.0	0.0	0.3076923076923077	0.6923076923076923
Alterococcaceae	0.0	0.0	0.0	1.0
Alteromonadaceae	0.016018306636155607	0.2311212814645309	0.006864988558352402	0.7459954233409611
Aminiphilaceae	0.0	1.0	0.0	0.0
Aminobacteriaceae	0.0	0.0	0.0	1.0
Amorphaceae	0.0	0.20754716981132076	0.0	0.7924528301886793
Anaerobacaceae	0.0	0.0	0.0	1.0
Anaerohalosphaeraceae	0.0	1.0	0.0	0.0
Anaerolineaceae	0.0	0.7619047619047619	0.0	0.23809523809523808
Anaeromyxobacteraceae	0.0	0.0	0.11538461538461539	0.8846153846153846
Anaeroplasmataceae	0.0	0.0	0.0	1.0
Anaerosomataceae	0.0	0.0	0.0	1.0
Anaerotignaceae	0.4444444444444444	0.0	0.0	0.5555555555555556
Anaerovoracaceae	0.2564102564102564	0.05128205128205128	0.0	0.6923076923076923
Anaplasmataceae	0.02127659574468085	0.0	0.0	0.9787234042553191
Ancalomicrobiaceae	0.0	0.25	0.0	0.75
Anoxybacillaceae	0.6666666666666666	0.0	0.045454545454545456	0.2878787878787879
Anthocerotibacteraceae	0.0	0.0	0.0	1.0
Antricoccaceae	0.0	0.0	1.0	0.0
Aphanizomenonaceae	0.0	0.0	0.0	1.0
Aphanothecaceae	0.0	0.11764705882352941	0.0	0.8823529411764706
Aquaspirillaceae	0.0	0.7857142857142857	0.0	0.21428571428571427
Aquificaceae	0.0	0.4444444444444444	0.0	0.5555555555555556
Aquisediminimonadaceae	0.0	0.4	0.0	0.6
Archaeoglobaceae	0.0	0.6	0.0	0.4
Archangiaceae	0.0	0.0	0.7368421052631579	0.2631578947368421
Arcobacteraceae	0.0	0.4583333333333333	0.0	0.5416666666666666
Ardenticatenaceae	1.0	0.0	0.0	0.0
Arenicellaceae	0.0	0.5	0.0	0.5
Aristaeellaceae	0.0	0.0	0.0	1.0
Atopobiaceae	0.37333333333333335	0.0	0.0	0.6266666666666667
Atrimonadaceae	0.0	0.0	0.0	1.0
Aurantibacillaceae	0.0	0.0	0.0	1.0
Aurantimonadaceae	0.10810810810810811	0.06756756756756757	0.009009009009009009	0.8153153153153153
Azonexaceae	0.0	0.42028985507246375	0.0	0.5797101449275363
Azospirillaceae	0.0	0.12272727272727273	0.08636363636363636	0.7909090909090909
Bacillaceae	0.12261806130903065	0.05550952775476388	0.24233637116818557	0.5795360397680199
Bacteriovoracaceae	0.14285714285714285	0.0	0.14285714285714285	0.7142857142857143
Bacteroidaceae	0.5285714285714286	0.014285714285714285	0.0	0.45714285714285713
Baekduiaceae	0.0	0.0	0.4	0.6
Balneatrichaceae	0.0	0.3	0.0	0.7
Balneicellaceae	0.0	0.0	0.0	1.0
Balneolaceae	0.0	0.3563218390804598	0.034482758620689655	0.6091954022988506
Barnesiellaceae	0.6	0.0	0.0	0.4
Bartonellaceae	0.14285714285714285	0.1326530612244898	0.0	0.7244897959183674
Beduinellaceae	0.0	0.0	0.0	1.0
Beijerinckiaceae	0.0	0.04878048780487805	0.1951219512195122	0.7560975609756098
Bernardetiaceae	0.0	0.0	0.0	1.0
Beutenbergiaceae	0.5714285714285714	0.14285714285714285	0.14285714285714285	0.14285714285714285
Bifidobacteriaceae	0.49159663865546216	0.0	0.0	0.5084033613445378
Blastochloridaceae	0.0	0.0	1.0	0.0
Blastomonadaceae	0.0	0.25	0.0	0.75
Blattabacteriaceae	0.0	0.0	0.0	1.0
Brachyspiraceae	0.46153846153846156	0.0	0.0	0.5384615384615384
Bradymonadaceae	0.0	0.25	0.0	0.75
Brevibacteriaceae	0.2536231884057971	0.0	0.0	0.7463768115942029
Breznakiellaceae	0.0	0.0	0.0	1.0
Brucellaceae	0.4835164835164835	0.0	0.0	0.5164835164835165
Bruguierivoracaceae	0.0	0.0	0.0	1.0
Bryobacteraceae	1.0	0.0	0.0	0.0
Budviciaceae	0.2857142857142857	0.0	0.0	0.7142857142857143
Burkholderiaceae	0.0725604670558799	0.02543786488740617	0.19140950792326938	0.7105921601334445
Butyricicoccaceae	0.34782608695652173	0.0	0.0	0.6521739130434783
Caedimonadaceae	0.0	0.0	0.0	1.0
Calderihabitantaceae	0.0	1.0	0.0	0.0
Caldicellulosiruptoraceae	0.3333333333333333	0.0	0.16666666666666666	0.5
Caldicoprobacteraceae	0.4	0.4	0.2	0.0
Caldilineaceae	0.0	1.0	0.0	0.0
Calotrichaceae	0.0	0.07692307692307693	0.0	0.9230769230769231
Caminicellaceae	0.0	0.6	0.0	0.4
Campylobacteraceae	0.5641025641025641	0.0	0.0	0.4358974358974359
Candidatus Acidulidesulfobacteraceae	0.0	0.0	0.0	1.0
Candidatus Berkiellaceae	0.0	0.0	0.0	1.0
Candidatus Bipolaricaulaceae	0.0	0.0	0.0	1.0
Candidatus Brocadiaceae	0.0	0.0	0.0	1.0
Candidatus Chloroheliaceae	0.0	0.0	0.0	1.0
Candidatus Competibacteraceae	0.0	0.0	0.3333333333333333	0.6666666666666666
Candidatus Criblamydiaceae	0.0	0.0	0.0	1.0
Candidatus Desulfofervidaceae	0.0	0.0	0.0	1.0
Candidatus Hepatincolaceae	0.0	0.0	0.0	1.0
Candidatus Johnevansiaceae	0.0	0.0	0.0	1.0
Candidatus Levibacteraceae	0.0	0.0	0.0	1.0
Candidatus Lucifugimonadaceae	0.0	0.0	0.0	1.0
Candidatus Magnetaquicoccaceae	0.0	0.0	0.0	1.0
Candidatus Magnetobacteriaceae	0.0	0.0	0.0	1.0
Candidatus Manganitrophaceae	0.0	0.0	0.0	1.0
Candidatus Methanoperedentaceae	0.0	0.0	0.0	1.0
Candidatus Methylomirabilaceae	0.0	0.0	0.0	1.0
Candidatus Micrarchaeaceae	0.0	0.0	0.0	1.0
Candidatus Midichloriaceae	0.0	0.0	0.0	1.0
Candidatus Nanopelagicaceae	0.0	0.0	0.0	1.0
Candidatus Nitrosocaldaceae	0.0	0.0	0.0	1.0
Candidatus Njordibacteraceae	0.0	0.0	0.0	1.0
Candidatus Nucleicultricaceae	0.0	0.0	0.0	1.0
Candidatus Paracaedibacteraceae	0.0	0.0	0.0	1.0
Candidatus Pelagibacteraceae	0.0	0.0	0.0	1.0
Candidatus Persebacteraceae	0.0	0.0	0.0	1.0
Candidatus Promineifilaceae	0.0	0.0	0.0	1.0
Candidatus Pseudothioglobaceae	0.0	0.0	0.0	1.0
Candidatus Puniceispirillaceae	0.0	0.0	0.0	1.0
Candidatus Rhabdochlamydiaceae	0.0	0.0	0.0	1.0
Candidatus Scalinduaceae	0.0	0.0	0.0	1.0
Candidatus Seribacteraceae	0.0	0.0	0.0	1.0
Capillimicrobiaceae	0.0	0.0	0.0	1.0
Capsulimonadaceae	0.0	0.0	1.0	0.0
Carbonactinosporaceae	0.0	0.0	0.0	1.0
Cardiobacteriaceae	0.5	0.0	0.0	0.5
Carnobacteriaceae	0.17857142857142858	0.5357142857142857	0.0	0.2857142857142857
Caryophanaceae	0.1393939393939394	0.012121212121212121	0.22626262626262628	0.6222222222222222
Caryophanales Family X. Incertae Sedis	0.2857142857142857	0.2857142857142857	0.0	0.42857142857142855
Casimicrobiaceae	0.0	1.0	0.0	0.0
Catalimonadaceae	0.0	0.15384615384615385	0.15384615384615385	0.6923076923076923
Catenulisporaceae	0.0	0.0	0.3076923076923077	0.6923076923076923
Caulobacteraceae	0.1492063492063492	0.1111111111111111	0.07301587301587302	0.6666666666666666
Celerinatantimonadaceae	0.0	0.5555555555555556	0.0	0.4444444444444444
Cellulomonadaceae	0.10215053763440861	0.0	0.1935483870967742	0.7043010752688172
Cellulosilyticaceae	0.5	0.0	0.0	0.5
Cellvibrionaceae	0.0	0.33088235294117646	0.029411764705882353	0.6397058823529411
Cerasicoccaceae	0.0	0.5	0.0	0.5
Cesiribacteraceae	0.0	0.0	0.0	1.0
Chamaesiphonaceae	0.0	0.0	0.0	1.0
Chelatococcaceae	0.0	0.17073170731707318	0.2926829268292683	0.5365853658536586
Chitinibacteraceae	0.04819277108433735	0.24096385542168675	0.07228915662650602	0.6385542168674698
Chitinispirillaceae	0.0	0.5	0.0	0.5
Chitinivibrionaceae	0.0	1.0	0.0	0.0
Chitinophagaceae	0.024464831804281346	0.08868501529051988	0.2782874617737003	0.6085626911314985
Chlamydiaceae	0.0	0.0	0.0	1.0
Chloracidobacteriaceae	0.0	0.0	0.0	1.0
Chlorobiaceae	0.0	0.3	0.0	0.7
Chloroflexaceae	0.0	0.5	0.0	0.5
Chlorogloeopsidaceae	0.0	0.0	0.0	1.0
Christensenellaceae	0.625	0.0	0.0	0.375
Chromatiaceae	0.0	0.2857142857142857	0.0	0.7142857142857143
Chromobacteriaceae	0.06741573033707865	0.29213483146067415	0.07865168539325842	0.5617977528089888
Chroococcaceae	0.0	0.0	0.0	1.0
Chroococcidiopsidaceae	0.0	0.0	0.0	1.0
Chryseotaleaceae	0.0	0.2727272727272727	0.0	0.7272727272727273
Chrysiogenaceae	1.0	0.0	0.0	0.0
Chthonomonadaceae	0.0	0.0	1.0	0.0
Clostridiaceae	0.18032786885245902	0.053864168618266976	0.06088992974238876	0.7049180327868853
Clostridiales Family XVI. Incertae Sedis	0.0	0.0	0.0	1.0
Clostridiales Family XVII. Incertae Sedis	0.36363636363636365	0.2727272727272727	0.0	0.36363636363636365
Cohaesibacteraceae	0.0	0.5384615384615384	0.0	0.46153846153846156
Coleofasciculaceae	0.0	0.0	0.0	1.0
Colwelliaceae	0.01606425702811245	0.26907630522088355	0.0	0.714859437751004
Comamonadaceae	0.030560271646859084	0.16525183927560838	0.11205432937181664	0.6921335597057159
Conexibacteraceae	0.0	0.0	0.13636363636363635	0.8636363636363636
Conexivisphaeraceae	0.0	1.0	0.0	0.0
Coprobacillaceae	0.5625	0.0	0.0	0.4375
Coraliomargaritaceae	0.0	0.0	0.0	1.0
Coralliovaceae	0.0	0.0	0.0	1.0
Coriobacteriaceae	0.4661016949152542	0.0	0.0	0.5338983050847458
Corynebacteriaceae	0.3819951338199513	0.0	0.0	0.6180048661800487
Coxiellaceae	0.05	0.0	0.1	0.85
Crenotrichaceae	0.0	0.0	0.0	1.0
Crocinitomicaceae	0.0	0.3076923076923077	0.0	0.6923076923076923
Cryomorphaceae	0.0	0.25	0.0	0.75
Cryptosporangiaceae	0.0	0.0	0.47058823529411764	0.5294117647058824
Cuniculiplasmataceae	0.0	1.0	0.0	0.0
Cyanothecaceae	0.0	0.0	0.0	1.0
Cyclobacteriaceae	0.02120141342756184	0.4098939929328622	0.0353356890459364	0.5335689045936396
Cyclonatronaceae	0.0	0.0	0.0	1.0
Cymatolegaceae	0.0	0.0	0.0	1.0
Cytophagaceae	0.2391304347826087	0.11956521739130435	0.15217391304347827	0.4891304347826087
Deferribacteraceae	0.0	0.0	0.0	1.0
Deferrisomataceae	0.0	1.0	0.0	0.0
Deferrivibrionaceae	0.0	0.0	0.0	1.0
Defluviitaleaceae	1.0	0.0	0.0	0.0
Dehalococcoidaceae	0.0	0.375	0.125	0.5
Deinococcaceae	0.38425925925925924	0.125	0.07407407407407407	0.4166666666666667
Demequinaceae	0.375	0.125	0.03125	0.46875
Dermabacteraceae	0.34210526315789475	0.0	0.0	0.6578947368421053
Dermacoccaceae	0.5238095238095238	0.0	0.07142857142857142	0.40476190476190477
Dermatophilaceae	0.43478260869565216	0.0	0.0	0.5652173913043478
Desertifilaceae	0.0	0.0	0.0	1.0
Desulfallaceae	0.0	0.2	0.6	0.2
Desulfarculaceae	0.0	0.0	0.0	1.0
Desulfatibacillaceae	0.0	1.0	0.0	0.0
Desulfatiglandaceae	0.0	0.0	0.0	1.0
Desulfatirhabdiaceae	0.0	1.0	0.0	0.0
Desulfitibacteraceae	0.0	0.0	0.0	1.0
Desulfitobacteriaceae	0.07407407407407407	0.07407407407407407	0.07407407407407407	0.7777777777777778
Desulfobacteraceae	0.0	0.36363636363636365	0.0	0.6363636363636364
Desulfobulbaceae	0.0	0.23076923076923078	0.0	0.7692307692307693
Desulfocapsaceae	0.0	0.0	0.0	1.0
Desulfococcaceae	0.0	0.75	0.0	0.25
Desulfohalobiaceae	0.0	1.0	0.0	0.0
Desulfomicrobiaceae	0.16666666666666666	0.5	0.0	0.3333333333333333
Desulfonatronaceae	0.0	1.0	0.0	0.0
Desulfonatronovibrionaceae	0.0	1.0	0.0	0.0
Desulfonauticaceae	0.0	0.5	0.0	0.5
Desulfoplanaceae	0.0	1.0	0.0	0.0
Desulforegulaceae	0.0	1.0	0.0	0.0
Desulfosarcinaceae	0.0	0.6363636363636364	0.0	0.36363636363636365
Desulfotomaculaceae	0.26666666666666666	0.4666666666666667	0.0	0.26666666666666666
Desulfovibrionaceae	0.12138728323699421	0.35260115606936415	0.011560693641618497	0.5144508670520231
Desulfurellaceae	0.0	1.0	0.0	0.0
Desulfuribacillaceae	1.0	0.0	0.0	0.0
Desulfurisporaceae	0.0	1.0	0.0	0.0
Desulfurobacteriaceae	0.14285714285714285	0.7142857142857143	0.0	0.14285714285714285
Desulfurococcaceae	0.0	0.2	0.0	0.8
Desulfuromonadaceae	0.0	0.23809523809523808	0.0	0.7619047619047619
Dethiobacteraceae	0.0	0.0	0.0	1.0
Dethiosulfovibrionaceae	0.0	0.5	0.0	0.5
Devosiaceae	0.02247191011235955	0.19101123595505617	0.10112359550561797	0.6853932584269663
Dictyobacteraceae	0.0	0.0	0.0	1.0
Dictyoglomaceae	0.0	1.0	0.0	0.0
Dietziaceae	0.17777777777777778	0.0	0.0	0.8222222222222222
Dissulfuribacteraceae	0.0	1.0	0.0	0.0
Dongiaceae	0.0	0.19047619047619047	0.3333333333333333	0.47619047619047616
Dysgonomonadaceae	0.09615384615384616	0.19230769230769232	0.0	0.7115384615384616
Echinimonadaceae	0.0	0.3333333333333333	0.0	0.6666666666666666
Ectothiorhodospiraceae	0.024844720496894408	0.30434782608695654	0.055900621118012424	0.6149068322981367
Eggerthellaceae	0.3119266055045872	0.0	0.0	0.6880733944954128
Egibacteraceae	0.0	0.0	1.0	0.0
Egicoccaceae	0.0	0.0	0.0	1.0
Elioraeaceae	0.0	0.44	0.0	0.56
Emcibacteraceae	0.0	0.3076923076923077	0.0	0.6923076923076923
Endomicrobiaceae	0.0	0.0	0.0	1.0
Endozoicomonadaceae	0.0	0.2786885245901639	0.0	0.7213114754098361
Enterobacteriaceae	0.4793536804308797	0.0	0.0	0.5206463195691203
Enterococcaceae	0.1875	0.0125	0.0	0.8
Entophysalidaceae	0.0	0.0	0.0	1.0
Erwiniaceae	0.19686800894854586	0.0	0.0	0.8031319910514542
Erysipelotrichaceae	0.4	0.0	0.0	0.6
Erythrobacteraceae	0.01627906976744186	0.27674418604651163	0.009302325581395349	0.6976744186046512
Eubacteriaceae	0.22018348623853212	0.11009174311926606	0.009174311926605505	0.6605504587155964
Euzebyaceae	0.0	0.6	0.4	0.0
Fastidiosibacteraceae	0.0	0.08333333333333333	0.0	0.9166666666666666
Ferrimonadaceae	0.0	0.6122448979591837	0.0	0.3877551020408163
Ferroplasmaceae	0.0	0.0	0.0	1.0
Ferrovaceae	0.0	0.0	0.0	1.0
Fervidibacteraceae	0.0	0.0	0.0	1.0
Fibrobacteraceae	0.1	0.0	0.0	0.9
Fictibacillaceae	0.0	0.02666666666666667	0.6266666666666667	0.3466666666666667
Fidelibacteraceae	0.0	0.0	0.0	1.0
Filifactoraceae	0.0	0.5	0.0	0.5
Fimbriimonadaceae	0.0	0.0	1.0	0.0
Flammeovirgaceae	0.0	0.41304347826086957	0.0	0.5869565217391305
Flavobacteriaceae	0.020826220553089792	0.2601570501877774	0.010242403550699898	0.7087743257084329
Flectobacillaceae	0.0	0.4107142857142857	0.0	0.5892857142857143
Flexibacteraceae	0.0	1.0	0.0	0.0
Fluviibacteraceae	0.0	1.0	0.0	0.0
Fontisphaeraceae	0.0	0.0	0.0	1.0
Fortieaceae	0.0	0.0	0.0	1.0
Francisellaceae	0.0	0.3333333333333333	0.0	0.6666666666666666
Frankiaceae	0.0	0.0	0.12244897959183673	0.8775510204081632
Fulvivirgaceae	0.0	0.0851063829787234	0.0851063829787234	0.8297872340425532
Fusibacteraceae	0.4	0.1	0.0	0.5
Fusobacteriaceae	0.2857142857142857	0.07142857142857142	0.0	0.6428571428571429
Futianiaceae	0.0	0.0	0.0	1.0
Gaiellaceae	0.0	0.0	1.0	0.0
Gallaecimonadaceae	0.0	0.25	0.0	0.75
Gallionellaceae	0.0	0.09090909090909091	0.0	0.9090909090909091
Gaopeijiaceae	0.0	0.0	0.0	1.0
Geitlerinemataceae	0.0	0.0	0.0	1.0
Geminicoccaceae	0.0	0.10526315789473684	0.10526315789473684	0.7894736842105263
Geminocystaceae	0.0	0.0	0.0	1.0
Gemmataceae	0.0	0.08695652173913043	0.13043478260869565	0.782608695652174
Gemmatimonadaceae	0.0	0.2	0.0	0.8
Geoalkalibacteraceae	0.0	0.6666666666666666	0.0	0.3333333333333333
Geobacteraceae	0.0	0.0547945205479452	0.2465753424657534	0.6986301369863014
Geochordaceae	0.0	0.0	0.0	1.0
Geodermatophilaceae	0.04784688995215311	0.0	0.32057416267942584	0.631578947368421
Geopsychrobacteraceae	0.0	0.42857142857142855	0.0	0.5714285714285714
Geothermobacteraceae	0.0	1.0	0.0	0.0
Geovibrionaceae	0.0	0.5	0.0	0.5
Gloeobacteraceae	0.0	0.0	0.0	1.0
Gloeomargaritaceae	0.0	0.0	0.0	1.0
Glycomycetaceae	0.13580246913580246	0.0	0.13580246913580246	0.7283950617283951
Gordoniaceae	0.21153846153846154	0.038461538461538464	0.0	0.75
Gottschalkiaceae	0.0	0.0	0.0	1.0
Govanellaceae	0.0	0.0	0.0	1.0
Granulosicoccaceae	0.0	0.6363636363636364	0.0	0.36363636363636365
Guptibacillaceae	0.0	0.8260869565217391	0.0	0.17391304347826086
Hafniaceae	0.8571428571428571	0.0	0.0	0.14285714285714285
Hahellaceae	0.0	0.23076923076923078	0.0	0.7692307692307693
Haladaptataceae	0.0	0.09090909090909091	0.11363636363636363	0.7954545454545454
Halalkalicoccaceae	0.0	0.0	0.0	1.0
Halanaerobiaceae	0.0	0.625	0.0	0.375
Halarsenatibacteraceae	0.0	1.0	0.0	0.0
Halieaceae	0.0	0.3333333333333333	0.0	0.6666666666666666
Haliovirgaceae	0.0	0.0	0.0	1.0
Haliscomenobacteraceae	0.0	0.0	0.0	1.0
Haloarculaceae	0.0234375	0.140625	0.046875	0.7890625
Halobacteriaceae	0.0	0.28888888888888886	0.044444444444444446	0.6666666666666666
Halobacteriovoraceae	0.0	0.0	0.0	1.0
Halobacteroidaceae	0.16666666666666666	0.3333333333333333	0.0	0.5
Halococcaceae	0.09090909090909091	0.45454545454545453	0.0	0.45454545454545453
Haloferacaceae	0.04854368932038835	0.2783171521035599	0.022653721682847898	0.6504854368932039
Halomonadaceae	0.15459610027855153	0.22284122562674094	0.025069637883008356	0.5974930362116991
Halorubellaceae	0.0	0.2727272727272727	0.0	0.7272727272727273
Halorutilaceae	0.0	0.0	0.0	1.0
Halothecacae	0.0	0.0	0.0	1.0
Halothiobacillaceae	0.0	0.0	0.0	1.0
Hapalosiphonaceae	0.0	0.0	0.0	1.0
Helicobacteraceae	0.24369747899159663	0.0	0.0	0.7563025210084033
Heliobacteriaceae	0.5	0.0	0.0	0.5
Herpetosiphonaceae	0.0	0.0	0.0	1.0
Hippeaceae	0.0	0.3333333333333333	0.0	0.6666666666666666
Holophagaceae	0.0	0.07462686567164178	0.0	0.9253731343283582
Holosporaceae	0.0	0.0	0.0	1.0
Hoyosellaceae	0.3076923076923077	0.0	0.0	0.6923076923076923
Hydrococcaceae	0.0	0.0	0.0	1.0
Hydrogenimonadaceae	0.0	0.25	0.0	0.75
Hydrogenophilaceae	0.4	0.4	0.0	0.2
Hydrogenothermaceae	0.125	0.375	0.0	0.5
Hymenobacteraceae	0.11449016100178891	0.01073345259391771	0.16815742397137745	0.7066189624329159
Hyphomicrobiaceae	0.0	0.14583333333333334	0.25	0.6041666666666666
Hyphomonadaceae	0.0	0.6	0.0	0.4
Iamiaceae	0.0	0.0	0.29411764705882354	0.7058823529411765
Ichthyobacteriaceae	1.0	0.0	0.0	0.0
Idiomarinaceae	0.10204081632653061	0.5204081632653061	0.0	0.37755102040816324
Ignatzschineriaceae	0.631578947368421	0.0	0.0	0.3684210526315789
Ilumatobacteraceae	0.0	0.6	0.0	0.4
Immundisolibacteraceae	0.0	0.0	0.0	1.0
Intestinicryptomonadaceae	0.0	0.0	0.0	1.0
Intrasporangiaceae	0.14655172413793102	0.034482758620689655	0.21551724137931033	0.603448275862069
Iodidimonadaceae	0.0	0.0	0.0	1.0
Isosphaeraceae	0.0	0.0	0.09090909090909091	0.9090909090909091
Jatrophihabitantaceae	0.0	0.0	0.2	0.8
Jiangellaceae	0.0	0.0	0.5454545454545454	0.45454545454545453
Jonesiaceae	0.75	0.0	0.0	0.25
Kaistiaceae	0.0	0.5185185185185185	0.14814814814814814	0.3333333333333333
Kallotenuaceae	0.0	0.0	1.0	0.0
Kangiellaceae	0.0	0.6363636363636364	0.0	0.36363636363636365
Ketobacteraceae	0.0	0.5	0.0	0.5
Kiloniellaceae	0.0	0.4	0.0	0.6
Kineosporiaceae	0.22413793103448276	0.034482758620689655	0.13793103448275862	0.603448275862069
Kiritimatiellaceae	0.0	1.0	0.0	0.0
Koleobacteraceae	0.0	0.0	0.0	1.0
Kolteriaceae	0.0	0.0	0.0	1.0
Kordiimonadaceae	0.0	0.4230769230769231	0.0	0.5769230769230769
Kosmotogaceae	0.0	1.0	0.0	0.0
Kribbellaceae	0.0	0.0	0.18674698795180722	0.8132530120481928
Kribbibacteriaceae	0.0	0.0	0.0	1.0
Kytococcaceae	0.8	0.0	0.0	0.2
Lachnospiraceae	0.22905759162303665	0.0	0.005235602094240838	0.7657068062827225
Lacipirellulaceae	0.0	0.0	0.05263157894736842	0.9473684210526315
Lactobacillaceae	0.7092198581560284	0.0	0.0	0.2907801418439716
Laspinemataceae	0.0	0.0	0.0	1.0
Lawsonellaceae	1.0	0.0	0.0	0.0
Leadbetterellaceae	0.0	0.4090909090909091	0.0	0.5909090909090909
Leeiaceae	0.0	0.6666666666666666	0.0	0.3333333333333333
Legionellaceae	0.0	0.5	0.07017543859649122	0.4298245614035088
Lentimicrobiaceae	0.0	0.5	0.0	0.5
Lentisphaeraceae	0.0	0.5	0.0	0.5
Leptolyngbyaceae	0.0	0.0	0.0	1.0
Leptospiraceae	0.0	0.057971014492753624	0.043478260869565216	0.8985507246376812
Leptotrichiaceae	0.3333333333333333	0.06060606060606061	0.0	0.6060606060606061
Lewinellaceae	0.0	0.55	0.0	0.45
Lichenihabitantaceae	0.17647058823529413	0.0	0.0	0.8235294117647058
Limisphaeraceae	0.0	0.0	0.0	1.0
Limnochordaceae	1.0	0.0	0.0	0.0
Listeriaceae	0.5	0.0	0.0	0.5
Litorivicinaceae	0.0	0.5	0.0	0.5
Lujinxingiaceae	0.0	0.3333333333333333	0.0	0.6666666666666666
Luteibaculaceae	0.0	0.0	0.0	1.0
Lutisporaceae	1.0	0.0	0.0	0.0
Lysobacteraceae	0.2668711656441718	0.06134969325153374	0.10736196319018405	0.5644171779141104
Magnetococcaceae	0.0	0.3333333333333333	0.0	0.6666666666666666
Magnetospirillaceae	0.0	0.7	0.0	0.3
Magnetovibrionaceae	0.0	0.3333333333333333	0.0	0.6666666666666666
Maliibacteriaceae	0.0	0.0	0.0	1.0
Mangrovivirgaceae	0.0	0.0	0.0	1.0
Maricaulaceae	0.0392156862745098	0.5098039215686274	0.0	0.45098039215686275
Marinicellaceae	0.0	0.3	0.0	0.7
Marinifilaceae	0.05405405405405406	0.16216216216216217	0.0	0.7837837837837838
Marinilabiliaceae	0.2033898305084746	0.288135593220339	0.0	0.5084745762711864
Marinobacteraceae	0.0	0.2830188679245283	0.006289308176100629	0.710691823899371
Mariprofundaceae	0.0	0.125	0.0	0.875
Marivirgaceae	0.0	0.6	0.0	0.4
Melioribacteraceae	0.0	0.0	0.0	1.0
Merismopediaceae	0.0	0.0	0.0	1.0
Methanobacteriaceae	0.13793103448275862	0.09195402298850575	0.0	0.7701149425287356
Methanocalculaceae	0.0	0.75	0.0	0.25
Methanocaldococcaceae	0.0	0.3333333333333333	0.0	0.6666666666666666
Methanocellaceae	0.0	0.0	0.0	1.0
Methanococcaceae	0.2222222222222222	0.3333333333333333	0.0	0.4444444444444444
Methanocorpusculaceae	0.0	0.0	0.0	1.0
Methanomassiliicoccaceae	0.0	0.0	0.0	1.0
Methanomethylophilaceae	0.0	0.0	0.0	1.0
Methanomicrobiaceae	0.0	0.3076923076923077	0.0	0.6923076923076923
Methanonatronarchaeaceae	0.0	0.3333333333333333	0.0	0.6666666666666666
Methanopyraceae	0.0	0.5	0.0	0.5
Methanoregulaceae	0.0	1.0	0.0	0.0
Methanosarcinaceae	0.0	0.2558139534883721	0.0	0.7441860465116279
Methanospirillaceae	0.0	0.6666666666666666	0.0	0.3333333333333333
Methanotrichaceae	0.0	0.3333333333333333	0.0	0.6666666666666666
Methermicoccaceae	0.0	1.0	0.0	0.0
Methylacidiphilaceae	0.0	0.0	0.0	1.0
Methylobacteriaceae	0.23487544483985764	0.010676156583629894	0.08896797153024912	0.6654804270462633
Methylococcaceae	0.0	0.2631578947368421	0.0	0.7368421052631579
Methylocystaceae	0.0	0.2222222222222222	0.0	0.7777777777777778
Methylohalomonadaceae	0.0	0.0	0.0	1.0
Methylophilaceae	0.14942528735632185	0.20689655172413793	0.06896551724137931	0.5747126436781609
Methylopilaceae	0.4666666666666667	0.06666666666666667	0.0	0.4666666666666667
Methylothermaceae	0.6	0.4	0.0	0.0
Microbacteriaceae	0.11668372569089049	0.02456499488229273	0.07113613101330604	0.7876151484135108
Microbulbiferaceae	0.0	0.43010752688172044	0.053763440860215055	0.5161290322580645
Micrococcaceae	0.13931681178834562	0.0013395847287340924	0.11855324849296718	0.7407903549899532
Microcoleaceae	0.0	0.0	0.0	1.0
Microcystaceae	0.0	0.0	0.0	1.0
Micromonosporaceae	0.003045685279187817	0.003045685279187817	0.12487309644670051	0.8690355329949239
Micropepsaceae	0.0	0.5	0.0	0.5
Microscillaceae	0.0	0.0	1.0	0.0
Miltoncostaeaceae	0.0	0.0	0.42857142857142855	0.5714285714285714
Minwuiaceae	0.0	0.0	0.0	1.0
Monoglobaceae	1.0	0.0	0.0	0.0
Moraxellaceae	0.20451127819548873	0.081203007518797	0.004511278195488722	0.7097744360902256
Morganellaceae	0.575	0.01	0.05	0.365
Moritellaceae	0.0	0.2	0.0	0.8
Motilibacteraceae	0.0	0.0	0.75	0.25
Mucispirillaceae	1.0	0.0	0.0	0.0
Muribaculaceae	0.16666666666666666	0.0	0.0	0.8333333333333334
Mycobacteriaceae	0.0	0.039162112932604735	0.15482695810564662	0.8060109289617486
Myxococcaceae	0.0	0.0	0.20833333333333334	0.7916666666666666
Nakamurellaceae	0.23333333333333334	0.0	0.3333333333333333	0.43333333333333335
Nannocystaceae	0.0	0.4	0.13333333333333333	0.4666666666666667
Natranaerofabaceae	0.0	0.0	0.0	1.0
Natranaerovirgaceae	1.0	0.0	0.0	0.0
Natrialbaceae	0.020134228187919462	0.12080536912751678	0.0738255033557047	0.785234899328859
Natronincolaceae	0.0	0.375	0.125	0.5
Natronoarchaeaceae	0.0	0.2727272727272727	0.09090909090909091	0.6363636363636364
Natronomonadaceae	0.0	0.28	0.0	0.72
Natronospiraceae	0.0	0.25	0.0	0.75
Natronospirillaceae	0.0	0.0	0.0	1.0
Nautiliaceae	0.0	0.5	0.0	0.5
Neisseriaceae	0.19852941176470587	0.058823529411764705	0.022058823529411766	0.7205882352941176
Neomegalonemataceae	0.0	1.0	0.0	0.0
Neomoorellaceae	0.0	0.16666666666666666	0.16666666666666666	0.6666666666666666
Neosynechococcaceae	0.0	0.0	0.0	1.0
Nevskiaceae	0.04918032786885246	0.2459016393442623	0.21311475409836064	0.4918032786885246
Nitratiruptoraceae	0.0	0.25	0.0	0.75
Nitriliruptoraceae	0.0	0.0	1.0	0.0
Nitrobacteraceae	0.024187975120939877	0.01520387007601935	0.33517622667588115	0.6254319281271596
Nitrosomonadaceae	0.022727272727272728	0.045454545454545456	0.13636363636363635	0.7954545454545454
Nitrosopumilaceae	0.0	0.42857142857142855	0.0	0.5714285714285714
Nitrososphaeraceae	0.0	0.0	0.125	0.875
Nitrosotaleaceae	0.0	0.0	0.0	1.0
Nitrospinaceae	0.0	0.0	0.0	1.0
Nitrospiraceae	0.0	0.05555555555555555	0.0	0.9444444444444444
Nocardiaceae	0.08412017167381974	0.02317596566523605	0.23776824034334765	0.6549356223175966
Nocardioidaceae	0.061224489795918366	0.011131725417439703	0.14656771799628943	0.7810760667903525
Nocardiopsidaceae	0.13636363636363635	0.0	0.2597402597402597	0.6038961038961039
Nodosilineaceae	0.0	0.0	0.0	1.0
Nodulariaceae	0.0	0.0	0.0	1.0
Nostocaceae	0.0	0.0	0.0	1.0
Notoacmeibacteraceae	0.0	0.16666666666666666	0.0	0.8333333333333334
Novispirillaceae	0.0	0.8666666666666667	0.0	0.13333333333333333
Oceanibaculaceae	0.0	1.0	0.0	0.0
Oceanipulchritudinaceae	0.0	0.0	0.0	1.0
Oceanococcaceae	0.0	1.0	0.0	0.0
Oceanospirillaceae	0.020771513353115726	0.4807121661721068	0.0	0.49851632047477745
Oculatellaceae	0.0	0.0	0.0	1.0
Odoribacteraceae	0.0	0.0	0.0	1.0
Oleiphilaceae	0.0	0.0	0.0	1.0
Oleispirillaceae	0.0	0.0	0.0	1.0
Oligosphaeraceae	0.0	1.0	0.0	0.0
Opitutaceae	0.05128205128205128	0.10256410256410256	0.05128205128205128	0.7948717948717948
Orbaceae	0.1320754716981132	0.0	0.0	0.8679245283018868
Ornithinimicrobiaceae	0.29411764705882354	0.0	0.0	0.7058823529411765
Oscillatoriaceae	0.0	0.0	0.0	1.0
Oscillochloridaceae	0.0	0.0	0.0	1.0
Oscillospiraceae	0.22739018087855298	0.00516795865633075	0.028423772609819122	0.7390180878552972
Ostreibacteriaceae	0.0	0.0	0.0	1.0
Oxalobacteraceae	0.043478260869565216	0.041456016177957536	0.09201213346814964	0.8230535894843276
Paenibacillaceae	0.04766107678729038	0.01147396293027361	0.3089143865842895	0.6319505736981466
Paludibacteraceae	0.0	0.0	0.0	1.0
Parachlamydiaceae	0.0	0.0	0.0	1.0
Paracoccaceae	0.04611149346180317	0.282863041982106	0.0	0.6710254645560908
Paraconexibacteraceae	0.0	0.0	0.3333333333333333	0.6666666666666666
Parasphingopyxidaceae	0.0	0.5	0.0	0.5
Parvibaculaceae	0.0	0.3181818181818182	0.0	0.6818181818181818
Parvicellaceae	0.0	0.0	0.0	1.0
Parvularculaceae	0.0	0.07142857142857142	0.0	0.9285714285714286
Pasteurellaceae	0.3776595744680851	0.0	0.0	0.6223404255319149
Pasteuriaceae	0.0	0.0	0.0	1.0
Patulibacteraceae	0.15	0.0	0.35	0.5
Pectobacteriaceae	0.425	0.0	0.0	0.575
Pedomonadaceae	0.0	0.0	0.0	1.0
Pelagicoccaceae	0.0	0.23076923076923078	0.0	0.7692307692307693
Pendulisporaceae	0.0	0.0	0.0	1.0
Peptoclostridiaceae	0.5	0.0	0.0	0.5
Peptococcaceae	0.23636363636363636	0.23636363636363636	0.12727272727272726	0.4
Peptoniphilaceae	0.42105263157894735	0.0	0.0	0.5789473684210527
Peptostreptococcaceae	0.5365853658536586	0.024390243902439025	0.0	0.43902439024390244
Perlucidibacaceae	0.0	1.0	0.0	0.0
Persicobacteraceae	0.0	0.25	0.0	0.75
Petrachlorosaceae	0.0	0.0	0.0	1.0
Petrotogaceae	0.0	0.3	0.0	0.7
Phaeocystidibacteraceae	0.0	0.5	0.0	0.5
Phreatobacteraceae	0.25	0.25	0.0	0.5
Phycisphaeraceae	0.0	0.0	0.0	1.0
Phyllobacteriaceae	0.03686635944700461	0.041474654377880185	0.10138248847926268	0.8202764976958525
Pirellulaceae	0.0	0.2483221476510067	0.0	0.7516778523489933
Piscirickettsiaceae	0.028985507246376812	0.3188405797101449	0.0	0.6521739130434783
Planctomycetaceae	0.0	0.07792207792207792	0.025974025974025976	0.8961038961038961
Pleioneaceae	0.0	0.2857142857142857	0.0	0.7142857142857143
Pleomorphomonadaceae	0.22727272727272727	0.09090909090909091	0.18181818181818182	0.5
Pleurocapsaceae	0.0	0.0	0.0	1.0
Polyangiaceae	0.06896551724137931	0.0	0.1724137931034483	0.7586206896551724
Pontiellaceae	0.0	0.0	0.0	1.0
Porphyromonadaceae	0.2	0.0	0.0	0.8
Porticoccaceae	0.0	0.1111111111111111	0.0	0.8888888888888888
Prevotellaceae	0.1919191919191919	0.0	0.0	0.8080808080808081
Prochlorococcaceae	0.0	0.0	0.0	1.0
Prolixibacteraceae	0.0	0.30120481927710846	0.0	0.6987951807228916
Promicromonosporaceae	0.026143790849673203	0.0	0.37254901960784315	0.6013071895424836
Propionibacteriaceae	0.23391812865497075	0.11695906432748537	0.04678362573099415	0.6023391812865497
Propylenellaceae	0.0	0.0	0.0	1.0
Pseudanabaenaceae	0.0	0.0	0.0	1.0
Pseudoalteromonadaceae	0.0	0.32326283987915405	0.0	0.676737160120846
Pseudobacteriovoracaceae	0.0	0.0	0.0	1.0
Pseudobdellovibrionaceae	0.0	0.5238095238095238	0.0	0.47619047619047616
Pseudohongiellaceae	0.0	0.7777777777777778	0.0	0.2222222222222222
Pseudomonadaceae	0.19892086330935252	0.046402877697841724	0.09640287769784173	0.658273381294964
Pseudonocardiaceae	0.061224489795918366	0.0	0.2653061224489796	0.673469387755102
Psittacicellaceae	0.0	0.0	0.0	1.0
Psychromonadaceae	0.0	0.1951219512195122	0.0	0.8048780487804879
Pumilibacteraceae	0.0	0.0	0.0	1.0
Puniceicoccaceae	0.0	0.2857142857142857	0.0	0.7142857142857143
Pyrinomonadaceae	0.0	1.0	0.0	0.0
Pyrodictiaceae	0.0	0.25	0.0	0.75
Quyinboaceae	0.0	0.0	0.0	1.0
Radicibacteraceae	0.0	0.0	0.0	1.0
Raineyaceae	0.0	0.0	0.0	1.0
Rarobacteraceae	1.0	0.0	0.0	0.0
Rectinemataceae	0.0	1.0	0.0	0.0
Reichenbachiellaceae	0.0625	0.21875	0.0	0.71875
Reyranellaceae	0.0	0.0	0.2857142857142857	0.7142857142857143
Rhabdaerophilaceae	0.0	0.0	0.0	1.0
Rhizobiaceae	0.034830430797433545	0.032080659945004586	0.229147571035747	0.7039413382218148
Rhizorhabdaceae	0.1	0.1	0.3	0.5
Rhodanobacteraceae	0.016260162601626018	0.04065040650406504	0.1951219512195122	0.7479674796747967
Rhodobiaceae	0.0	0.5	0.0	0.5
Rhodoblastaceae	0.0	0.16666666666666666	0.5	0.3333333333333333
Rhodocyclaceae	0.0	0.22857142857142856	0.08571428571428572	0.6857142857142857
Rhodocytophagaceae	0.0	0.0	0.625	0.375
Rhodoligotrophaceae	0.0	0.0	0.25	0.75
Rhodospirillaceae	0.0851063829787234	0.2872340425531915	0.07446808510638298	0.5531914893617021
Rhodothalassiaceae	0.0	1.0	0.0	0.0
Rhodothermaceae	0.0	0.35294117647058826	0.0	0.6470588235294118
Rhodovibrionaceae	0.0	0.3870967741935484	0.0	0.6129032258064516
Rickettsiaceae	0.038461538461538464	0.0	0.0	0.9615384615384616
Rikenellaceae	0.35294117647058826	0.11764705882352941	0.0	0.5294117647058824
Rivulariaceae	0.0	0.0	0.0	1.0
Robiginitomaculaceae	0.0	0.7647058823529411	0.0	0.23529411764705882
Roseiarcaceae	0.0	0.0	0.5	0.5
Roseiterribacteraceae	0.0	0.0	0.0	1.0
Roseivirgaceae	0.0	0.7	0.0	0.3
Roseobacteraceae	0.00319693094629156	0.391304347826087	0.00319693094629156	0.6023017902813299
Roseomonadaceae	0.05670103092783505	0.10051546391752578	0.0979381443298969	0.7448453608247423
Ruaniaceae	0.09090909090909091	0.0	0.0	0.9090909090909091
Rubricoccaceae	0.0	0.4	0.0	0.6
Rubritaleaceae	0.0	0.6	0.0	0.4
Rubrobacteraceae	0.4166666666666667	0.125	0.125	0.3333333333333333
Saccharospirillaceae	0.0	0.5454545454545454	0.0	0.45454545454545453
Salaquimonadaceae	0.0	1.0	0.0	0.0
Salibacteraceae	0.0	1.0	0.0	0.0
Salinarimonadaceae	0.0	0.6923076923076923	0.3076923076923077	0.0
Salinibacteraceae	0.0	0.45454545454545453	0.0	0.5454545454545454
Salinicoccaceae	0.5	0.0	0.0	0.5
Salinilacustritrichaceae	0.0	0.0	0.0	1.0
Salinisphaeraceae	0.0	0.48333333333333334	0.0	0.5166666666666667
Salinivirgaceae	0.0	1.0	0.0	0.0
Salisaetaceae	0.0	1.0	0.0	0.0
Salsipaludibacteraceae	0.0	0.0	0.0	1.0
Sandaracinaceae	0.0	0.0	1.0	0.0
Sanguibacteraceae	0.3333333333333333	0.13333333333333333	0.0	0.5333333333333333
Sanyastnellaceae	0.0	0.0	0.0	1.0
Saprospiraceae	0.0	0.0	0.0	1.0
Schleiferiaceae	0.0	0.5	0.0	0.5
Scytonemataceae	0.0	0.0	0.0	1.0
Sedimenticolaceae	0.0	0.48148148148148145	0.0	0.5185185185185185
Sedimentisphaeraceae	0.0	0.6666666666666666	0.0	0.3333333333333333
Segnochrobactraceae	0.0	0.375	0.0	0.625
Selenomonadaceae	0.4230769230769231	0.0	0.038461538461538464	0.5384615384615384
Shewanellaceae	0.0802675585284281	0.21070234113712374	0.010033444816053512	0.6989966555183946
Shiellaceae	0.0	0.0	0.0	1.0
Shumkoniaceae	0.0	0.0	0.0	1.0
Silvanigrellaceae	0.0	0.2727272727272727	0.0	0.7272727272727273
Simkaniaceae	0.0	0.0	0.0	1.0
Sirenicapillariaceae	0.0	0.0	0.0	1.0
Sneathiellaceae	0.0	0.25925925925925924	0.0	0.7407407407407407
Solirubrobacteraceae	0.0	0.0	0.5	0.5
Speluncibacteraceae	0.0	0.0	0.0	1.0
Sphaerochaetaceae	0.0	0.3333333333333333	0.0	0.6666666666666666
Sphaerotilaceae	0.03317535545023697	0.12796208530805686	0.07582938388625593	0.7630331753554502
Sphingobacteriaceae	0.1308411214953271	0.037383177570093455	0.09929906542056074	0.7324766355140186
Sphingobiaceae	0.034482758620689655	0.1781609195402299	0.09770114942528736	0.6896551724137931
Sphingomicrobiaceae	0.0	0.1111111111111111	0.4444444444444444	0.4444444444444444
Sphingomonadaceae	0.11212814645308924	0.07665903890160183	0.03775743707093822	0.7734553775743707
Sphingopyxidaceae	0.07317073170731707	0.06097560975609756	0.04878048780487805	0.8170731707317073
Sphingorhabdaceae	0.0	0.4666666666666667	0.0	0.5333333333333333
Sphingosinicellaceae	0.0	0.4230769230769231	0.0	0.5769230769230769
Spirochaetaceae	0.10526315789473684	0.7894736842105263	0.0	0.10526315789473684
Spirosomataceae	0.0979381443298969	0.05670103092783505	0.14432989690721648	0.7010309278350515
Spirulinaceae	0.0	0.0	0.0	1.0
Splendidivirgaceae	0.0	0.0	0.0	1.0
Spongiibacteraceae	0.0	0.48936170212765956	0.0	0.5106382978723404
Sporanaerobacteraceae	0.6666666666666666	0.0	0.0	0.3333333333333333
Sporichthyaceae	0.3333333333333333	0.3333333333333333	0.3333333333333333	0.0
Sporolactobacillaceae	0.08333333333333333	0.0	0.4	0.5166666666666667
Sporomusaceae	0.09090909090909091	0.18181818181818182	0.0	0.7272727272727273
Staphylococcaceae	0.5263157894736842	0.0	0.0	0.47368421052631576
Stappiaceae	0.0	0.24553571428571427	0.0	0.7544642857142857
Steroidobacteraceae	0.0	0.0	0.125	0.875
Sterolibacteriaceae	0.0	0.5555555555555556	0.0	0.4444444444444444
Stomatohabitantaceae	0.0	0.0	0.0	1.0
Streptococcaceae	0.7750511247443763	0.00408997955010225	0.0	0.22085889570552147
Streptomycetaceae	0.005819787276740919	0.0	0.08890226771021473	0.9052779450130444
Streptosporangiaceae	0.01639344262295082	0.0	0.17759562841530055	0.8060109289617486
Succinivibrionaceae	0.7777777777777778	0.0	0.0	0.2222222222222222
Sulfolobaceae	0.0	0.32	0.0	0.68
Sulfuricellaceae	0.0	0.5333333333333333	0.0	0.4666666666666667
Sulfurimonadaceae	0.0	0.1	0.0	0.9
Sulfurospirillaceae	0.0	0.45454545454545453	0.0	0.5454545454545454
Sulfurovaceae	0.0	0.2857142857142857	0.0	0.7142857142857143
Sutterellaceae	0.35714285714285715	0.0	0.0	0.6428571428571429
Symbiobacteriaceae	0.0	0.0	1.0	0.0
Synechococcaceae	0.0	0.0	0.0	1.0
Synergistaceae	0.4	0.0	0.0	0.6
Syntrophaceae	0.0	0.5	0.0	0.5
Syntrophobacteraceae	0.0	0.5	0.0	0.5
Syntrophomonadaceae	0.25	0.25	0.0	0.5
Syntrophotaleaceae	0.0	0.4	0.0	0.6
Tannerellaceae	0.33962264150943394	0.0	0.0	0.660377358490566
Tardisphaeraceae	0.0	0.0	0.0	1.0
Temperatibacteraceae	0.0	0.5	0.0	0.5
Tenuifilaceae	0.0	0.0	0.0	1.0
Tepidamorphaceae	0.0	0.631578947368421	0.0	0.3684210526315789
Tepidanaerobacteraceae	0.0	0.6666666666666666	0.0	0.3333333333333333
Tepidiformaceae	0.0	0.0	0.0	1.0
Tepidimicrobiaceae	0.0	0.3333333333333333	0.3333333333333333	0.3333333333333333
Terasakiellaceae	0.0	0.2727272727272727	0.0	0.7272727272727273
Terrimicrobiaceae	0.0	0.0	1.0	0.0
Terrirubraceae	0.0	0.0	0.0	1.0
Thalassobaculaceae	0.0	0.48	0.0	0.52
Thalassospiraceae	0.0	0.42857142857142855	0.0	0.5714285714285714
Thermaceae	0.2894736842105263	0.19736842105263158	0.0	0.5131578947368421
Thermatribacteraceae	0.0	0.0	0.0	1.0
Thermithiobacillaceae	0.0	0.5	0.5	0.0
Thermoactinomycetaceae	0.06741573033707865	0.0	0.651685393258427	0.2808988764044944
Thermoanaerobacteraceae	0.1111111111111111	0.4444444444444444	0.0	0.4444444444444444
Thermoanaerobaculaceae	0.0	1.0	0.0	0.0
Thermococcaceae	0.0	0.1111111111111111	0.0	0.8888888888888888
Thermodesulfatatoraceae	0.0	0.5	0.0	0.5
Thermodesulfobacteriaceae	0.0	0.625	0.0	0.375
Thermodesulfobiaceae	0.0	0.5	0.0	0.5
Thermodesulforhabdaceae	0.0	1.0	0.0	0.0
Thermodesulfovibrionaceae	0.0	0.5	0.0	0.5
Thermoflexaceae	0.0	1.0	0.0	0.0
Thermoflexibacteraceae	0.0	0.0	0.0	1.0
Thermogemmatisporaceae	0.0	0.0	0.0	1.0
Thermoguttaceae	0.0	0.0	1.0	0.0
Thermohalobacteraceae	0.2	0.4	0.0	0.4
Thermoleophilaceae	0.0	1.0	0.0	0.0
Thermomicrobiaceae	0.0	0.0	0.0	1.0
Thermomonosporaceae	0.0	0.0	0.30303030303030304	0.696969696969697
Thermonemataceae	0.0	0.5	0.0	0.5
Thermoplasmataceae	0.0	0.0	0.0	1.0
Thermoproteaceae	0.0	0.0	0.0	1.0
Thermosediminibacteraceae	0.0	1.0	0.0	0.0
Thermospiraceae	0.0	0.0	0.0	1.0
Thermostichaceae	0.0	0.0	0.0	1.0
Thermosulfidibacteraceae	0.0	1.0	0.0	0.0
Thermosynechococcaceae	0.0	0.0	0.0	1.0
Thermotaleaceae	0.2222222222222222	0.5555555555555556	0.0	0.2222222222222222
Thermotogaceae	0.0	0.0	0.0	1.0
Thermotomaculaceae	0.0	1.0	0.0	0.0
Thioalkalibacteraceae	0.0	0.14285714285714285	0.0	0.8571428571428571
Thiobacillaceae	0.0	0.75	0.0	0.25
Thiobacteraceae	0.0	0.0	0.0	1.0
Thiofilaceae	1.0	0.0	0.0	0.0
Thiohalobacteraceae	0.0	0.75	0.0	0.25
Thiohalomonadaceae	0.0	0.6	0.0	0.4
Thiohalophilaceae	0.0	1.0	0.0	0.0
Thiohalorhabdaceae	0.0	0.5	0.0	0.5
Thiohalospiraceae	0.0	1.0	0.0	0.0
Thiotrichaceae	0.0	0.4603174603174603	0.0	0.5396825396825397
Thiovibrionaceae	0.0	0.0	0.0	1.0
Thorselliaceae	0.5	0.5	0.0	0.0
Tichowtungiaceae	0.0	0.0	0.0	1.0
Tindalliaceae	0.0	1.0	0.0	0.0
Tissierellaceae	0.10526315789473684	0.15789473684210525	0.05263157894736842	0.6842105263157895
Tolypothrichaceae	0.0	0.0	0.0	1.0
Treponemataceae	0.5294117647058824	0.058823529411764705	0.0	0.4117647058823529
Trichloromonadaceae	0.0	1.0	0.0	0.0
Trichocoleusaceae	0.0	0.0	0.0	1.0
Tsukamurellaceae	0.78125	0.0	0.0	0.21875
Turicibacteraceae	0.0	0.0	0.0	1.0
Usitatibacteraceae	0.0	0.0	0.0	1.0
Vallicoccaceae	0.0	0.0	1.0	0.0
Vallitaleaceae	0.0	0.35294117647058826	0.0	0.6470588235294118
Veillonellaceae	0.15555555555555556	0.0	0.0	0.8444444444444444
Ventosimonadaceae	1.0	0.0	0.0	0.0
Verrucomicrobiaceae	0.02702702702702703	0.3783783783783784	0.05405405405405406	0.5405405405405406
Vibrionaceae	0.06578947368421052	0.31203007518796994	0.0	0.6221804511278195
Vicinamibacteraceae	0.0	0.0	0.5	0.5
Weeksellaceae	0.2544642857142857	0.046875	0.020089285714285716	0.6785714285714286
Wenzhouxiangellaceae	0.0	0.0	0.0	1.0
Winmispiraceae	0.0	0.0	0.0	1.0
Woeseiaceae	0.0	0.0	0.0	1.0
Xanthobacteraceae	0.03271028037383177	0.22429906542056074	0.04672897196261682	0.6962616822429907
Xylanivirgaceae	0.0	0.0	1.0	0.0
Yersiniaceae	0.4095744680851064	0.0	0.0	0.5904255319148937
Zavarziniaceae	0.0	0.3333333333333333	0.0	0.6666666666666666
Zhaonellaceae	0.0	1.0	0.0	0.0
Zoogloeaceae	0.0	0.2974683544303797	0.02531645569620253	0.6772151898734177
Zooshikellaceae	0.0	0.25	0.0	0.75
Zymomonadaceae	0.0	0.0	1.0	0.0
